1311345944
158655
282131
22683613
1317420612
16648232
27566958
144513
26322055
188674
167705
26524402
1314751313
1299059045
1299017325
1313107902
1310999362
1294978740
19711382
21311956
1299570939
1313102148
22691514
22664209
26207292
3155137
108303
1300415554
22770507
25648017
317868
2069470
1297750387
247936
26562718
26109186
1299711624
17559974
1309901659
184467
18059829
1296590092
301035
1807865
176053
17112299
16967333
299981
229090
1702199
276936
26584453
19610381
299604
1334811380
26335699
1299563788
112167
104241
22821586
1300423391
1329013841
22792955
1336866655
2416737
1297532315
1297492148
16858400
27591655
22843786
20515939
1471592
186345
299258
276129
190380
1346758809
20515834
21563094
1297318384
22494904
108269
299090
189986
2786189
330217
167815
25702173
19292852
263720
21948077
25714082
22707009
168141
168053
156374
1297743363
18015961
167802
21151698
1339805651
1351664230
27109804
109628
2117962
18637919
276225
2920947
1325898350
145586
26209766
168089
116103
1490674
258134
1302621712
1295393373
158939
150667
1351917732
1294899223
191171
1342819982
17800979
27583635
1332367383
254265
330706
26113988
298250
316938
190495
185950
2534006
277686
329371
1356657763
2587456
210866
1098827
306920
1325897262
17086516
27552554
2080139
1323099451
22956421
2786284
275758
189238
299936
16768019
293769
18095043
287398
3314177
186724
21253809
23526200
1351965743
27588486
1337268383
254460
190778
25795016
1295548309
1940312
1296461202
17346999
26116370
185919
21038756
1325722724
3026583
1317308644
2313536
247491
185706
316486
17950509
1301572562
27591651
190042
19506418
174961
143403
1822699
16593585
1300287
167903
186624
1299557938
179768
27548257
17470701
307057
185712
188647
21674656
27588219
287752
1478636
1320064535
26167070
190532
25657364
1306648317
1335628302
277382
27198691
224326
27591204
169216
1297403468
16343632
210837
178139
212253
1352111053
144515
1297650
306709
18803411
25657277
27571483
1297794795
177453
276711
17405587
196816
1299871688
27514865
1351607468
27591444
324962
163123
2424675
27506597
21974794
2701514
18374823
21223795
21609195
298838
1307398848
1347814906
173819
210884
25729827
26387123
21253806
1359815265
21572439
26199446
1301861948
305020
208950
20789751
1298130745
19292804
212376
1297941
1355916784
27544862
21799194
1309896539
25723157
25638306
25640674
22551663
16483438
25645678
3157058
3019798
156717
1347227665
17240037
20707571
1348798719
1301568521
26608741
19567986
186842
283435
1359663981
17950503
186488
1301861954
1359058416
1347485765
25986220
26193501
289232
20515814
1313275097
1309903606
202368
213791
26131191
1296490917
2614003
188671
21803920
22740077
3163120
208891
26492802
256081
2533578
167912
147030
1375824
16805463
299445
299644
1297742771
16426574
19531715
258684
26167184
16375205
17706562
1311075507
274859
1356146948
2124074
229070
1317003118
316498
27538254
27630180
26425119
307606
1301062404
19538200
26353080
26608581
1299701932
26233523
191060
1302401401
234015
1302091532
1311134099
26562526
22814470
22792900
205449
139764
26130900
212233
285321
1349215186
188057
26390073
25657233
1304517647
1297699
1317164955
22834906
19168459
25657280
154457
1306497271
144619
1377257
259541
26379197
17721274
