233974
1321518222
567469341
409649830
28723886
531040898
550520580
487379429
191819
3027393
189243
209633
29732992
32957955
1357825630
436016654
420125810
553546087
64293
30841077
520274085
1296558091
1306497931
506094567
276734
170749
19107212
413074253
1342950406
35040927
543987399
1303027499
554200219
3570196
506092654
418603177
4172882
504652401
551947877
1306507727
22509038
1328021954
509612538
27955656
1311319058
550068550
480131102
1359995960
28481818
542690024
32628933
1311319037
21303927
516321290
4875127
545590357
573168813
34057518
32619105
255973
381825
135028
390964
494064179
1338214034
5247685
419594258
86357
33756016
473470191
108406
413961906
523251474
5263407
28768671
5252346
544000206
85621
573384240
300062
35040360
354455
418603441
28949739
21301195
139357
37240486
512499330
208958
402070513
1325702742
562598081
31152277
29753938
1316562362
546723152
31010790
484732237
86363
489998494
1315367060
507815173
25650033
1352544631
39449871
1293953847
460043748
1314780641
306664
366156
545413103
30500470
506092944
490182455
497034035
480409513
26305543
1354504985
1357399415
1353428242
554242865
1301884692
569212211
503656412
4873813
481859794
32835566
276904
190499
449824228
30431367
5041908
40157267
460043710
1336789644
188989
28971281
1334405955
25638401
425053743
1297498908
486999661
27747330
427142481
31168464
158924
1359346700
402431562
536622264
490163629
26289183
25714352
459872690
191528
472137749
22845457
1351520305
29567191
512377374
298213
187402
574945270
561493928
534541484
440239045
434550484
29593497
234064
1325905146
34852810
29343372
30431364
238644
439121233
530007791
28315174
506092035
33337258
476598254
326738
224086
36668810
512359195
2918954
1356795124
1310690677
529834699
1321392574
526161446
29771146
37857000
555959
1306431916
29897527
485355004
29803675
548648087
402073804
357268
534540498
186459
444058254
1320336440
573583329
1311347412
448977202
456185577
139392
186760
33891487
502025938
4132379
1358881544
374597
29819906
29764634
347355
386469
254309
29713754
28793140
446512853
36668004
35476048
28219175
400876320
5041603
523041179
209155
1337205804
1352541009
1296558060
297788
108393
1477670
165347
33510761
1350852745
473571305
68099
450048216
1301732522
454125899
526470685
444706362
17227545
299510
1308194194
28830165
433681259
514053886
27867410
1335942780
28968068
1348892301
357424
403710388
36270426
82190
412911648
1361239052
474739467
405089420
571340214
479422828
416552313
426850398
496869522
368913
5162502
28987167
543607345
345741
188575
25730757
1340543218
546715971
551340825
36496695
572042895
1348548292
212964
443860
451981574
21162695
1333335583
168087
1300594527
440208643
29797698
167841
19945735
447925342
550138197
108511
509512457
28031119
28784280
65533
86360
409654891
441491080
1323304621
459004290
201485
864647456
22677433
16431842
5052317
554191055
554244157
26201885
108251
496902058
491943068
1321382596
507502138
306626
461080452
1347445635
64093
92939
462391069
21233912
571534645
448144321
1331841488
464976941
1336855544
496869520
28875058
68350
306662
326719
515816220
545589369
186421
1339216146
169137
186843
544713530
411315800
22813728
427542010
186436
307201
460476149
347597
1306498832
34003500
409931224
448722019
421160957
408212737
437290277
557704117
187374
1333192765
418550668
30039636
527824482
863481124
65766
26494698
157808
562594322
558097640
439076801
1337226295
460043704
225636
1357848241
33337113
1332041346
479422898
550136151
84306
1331592937
434981393
518863348
1320097223
493042772
27062529
431853645
505446392
460112012
518451047
29418041
28718313
453268744
5250048
531051597
21157332
109998
167894
1336856449
69611
375774
404182479
19292987
1347181386
18248324
1321382025
425298905
1321424571
4153632
27902876
21803760
33419836
1353194608
409872504
448184048
540329487
4433364
36895537
26090155
4874159
5235731
1357963386
566521546
1334270729
22852057
1317457541
28310935
5251096
36492681
1311347305
1334296172
1341722986
29401226
540968
30212890
354352
31260611
529747142
1299550532
441116287
1329358995
415793652
1352818863
514765420
400075212
187564
419596795
287384
502242110
5266159
357384
209326
1296410418
30431408
447925059
492192132
460043703
1355079681
1325711421
41663362
28188382
202369
187341
1358848433
186490
434659336
157288
30284674
411314824
33111884
520588146
254191
17177324
3026472
350651
409649814
29418037
442869203
3880720
31546893
41651193
504624714
37239018
551970086
210062
525721542
26562739
18794244
486111543
28481103
1325711347
1323106961
399552071
31426608
20953761
554191156
862101001
223773
31273503
4875075
525238797
490595358
249332
506224180
27713921
725692
1340200924
440208470
571545218
460542191
553479159
368962
448749148
445063
441459
255858
188204
135728
512359558
28661853
186820
473692361
566436427
452601948
415793869
28464997
554939250
442867218
506360364
425100599
21038748
417911175
27927338
5041667
210281
350760
405599119
368764
28850411
190072
327096
862460559
350838
461899833
346069
146664
417250911
415792222
518096340
511920347
432698831
1357999894
480097178
167959
394748
33337002
1311345316
544553108
30089063
26620787
520143633
188459
86365
33190445
28496172
32594183
444267215
1358276770
1339648907
33937216
25640397
34497630
485992506
25706285
501220618
297587
427016671
26217406
562118482
31877127
431080419
424474214
420922950
36095115
558071673
526116053
27646409
5272940
32431822
66476
1338490248
532601703
447926063
507795470
28190492
436668107
32619064
307030
481535566
1350051594
399354289
1698391
32341324
453176145
343065
545590290
454966913
571545493
458725081
21038694
413829329
26075355
30854130
1336153991
326904
1299571000
28692519
65800
534541485
33522511
92778
421148956
526307800
16959121
472385776
17939827
1317420283
19292984
548890933
1297802566
379785
276294
360908
4878331
1326987219
2081057
35447760
478854449
29460357
16432052
31256315
28953350
33255931
82932
409031247
512099305
547533709
456063
1869271
462686590
549664204
411988534
254285
516358164
165339
461519272
862098795
35528482
30621618
5255637
555894912
299757
328076
863492743
5097737
29343374
862099159
476987525
515269424
3879945
441120471
5301152
26075548
26128872
553753244
403710393
1294467974
2308499
240125
19694666
28059417
486188245
449235912
1344340338
550138132
865021614
307679
1333509666
566977275
5245488
1336866698
399341255
307081
205395
4872532
521416228
434981391
430793721
135026
469699266
18638057
28111646
28283346
28959192
553310138
168039
39443692
29806043
1697590
19572270
417833029
446935665
174963
307525
574926602
364899
1338810486
424262521
425684758
463895473
16232697
554242155
408280671
472137696
469998923
110452
1337478018
404465600
549309101
318317
1301575218
454129387
425828602
28240533
407435011
520458166
24269596
414706021
817491
223339
247169
31654492
38679524
28978321
439139384
28306668
28188426
150520
1297742298
110076
31877077
242603
354620
533259686
863481092
498040739
466122659
375394
1334327077
36229053
862099032
553061015
316100
167744
496869524
1327936784
167850
1341323866
202360
426881506
407002483
29572738
1294924388
229010
307472
863359163
494642794
1358943452
862099084
154480
29922372
34144942
514761125
1313107233
534542490
556203085
1335580481
1306780562
231412
416388799
28481105
531777461
188550
1300885683
187786
176403
29567192
187600
1320336229
28285912
439625244
562598085
277367
480769653
525443824
477250363
740558
35847388
344442
36024706
296837
528272229
5270974
489302317
456185374
1327298706
22754969
500410102
442605112
421148673
536954473
1294924781
1334659052
108281
554191378
26090093
118976
481535277
1303019276
374608
187672
1299563528
554245163
490595154
108263
543988388
1353034144
494865824
287719
412911039
417833854
412911436
572819430
432780721
426026161
490381113
431855270
499299379
4877894
520277152
479219330
239188
394575
503853605
1325897389
864100958
1359113596
27571867
4873340
33887645
308372
1319655594
26217171
421563082
144083
27646405
327690
32922246
1353444558
1359205811
482056804
36471573
40188526
514765154
501551714
4878613
517446139
26145725
1295824647
1353428173
387635
553258598
31134451
454069168
32737581
504826080
4872531
461518855
1301212183
504685616
1336990251
30590559
139854
515816380
528272281
1358035181
1336259464
501467216
1355292203
408307995
1331535573
167937
30284543
1347300594
299714
28577557
407679465
29019227
34516734
27937429
1351219081
27612225
27646979
420401511
1518938
29764237
439139817
31168303
1294110653
1299563516
254359
400291041
521418812
4878612
399353833
209121
29732695
114369
36199725
1343610114
453413861
544247584
509781260
1314777725
1328944284
28639182
496869519
462565213
1317729847
403711269
281072
1333199831
512376195
176093
489768079
494858477
475277345
1353014128
22854159
411315706
145424
1352968308
520458306
34057469
483024873
381821
27804029
65795
404628530
5231283
1330858912
551339740
537012213
257202
421423808
1339725674
405599470
296841
1332153723
473873431
498577599
400162138
486999662
864489622
385965
30431377
1303289043
25698049
504646547
186696
574935156
569212210
431610015
326705
421203098
1331711880
405485737
27731176
31010566
547059088
28850212
479979440
1350658411
545507885
239198
1311347592
1306400549
536099163
1698432
1332662900
1351277052
28561288
548808659
1327456179
1868553
482988471
477933312
27731425
472117541
4879357
27955777
254424
19572271
534064533
28403111
247864
1294899029
29932433
28068737
414979307
571068108
548705692
4875084
31877416
496107851
300129
1325897605
28892231
31140522
233931
247579
36392029
542667209
35403523
1322041120
1303551813
5057950
18127334
4872533
491065931
2080326
156193
5247677
31517702
1313558186
555974038
407677607
167804
574921549
366577
22846518
25794008
28378115
864490003
571566108
862130427
1333335582
426881487
496869523
17852504
760533
864107063
5041604
462769331
16434100
554405218
433223079
165361
460043746
25713022
493316158
1358554236
28694864
186707
545350938
1313052971
526929981
462686464
174944
545590356
108493
422429521
287021
28248872
108108
517567264
485612576
25657348
32507039
30496836
538920912
37095476
434070628
532853069
25794009
28937926
1313480376
558143501
362937
449239631
1868480
1303019637
346576
526099041
28302912
518088613
1309391400
1321385655
27955652
431811484
29357087
150563
1321392748
501220106
190270
1296706520
571339838
167727
4875307
16714264
31473269
167844
209643
440241201
520458481
464373539
447926071
26619367
490602750
28256115
307780
554241255
472203393
120229
463425497
529319768
299650
473805760
481535597
569214249
368907
536483221
22088971
439111045
326887
411314681
561307164
444269135
28798772
1340699001
167873
167691
1300423173
505820138
1314438112
381849
25640406
5255987
27646687
316152
527601001
428375722
1330346904
28864241
521749251
296885
347230
5378548
114636
19674656
470547658
28870324
169188
139385
534064010
27808044
32408263
1320884184
254316
480769654
27533153
4330114
27403811
141664
501214189
191722
63612
434550489
151985
349892
165364
485859298
72612
1325897785
517571371
1874322
1697653
186331
503207186
404783187
212430
5255798
29771231
32196550
468007598
186315
545592271
426291338
1342022280
467595214
1303079913
329336
1318610333
428095913
1352199795
386542
536096151
35440198
515143305
16345145
393688
18969210
34999658
327136
167712
1357831544
375328
374621
18828737
30903117
543987451
65198
32019002
28310921
436016777
109729
165340
85497
493784861
430026599
454711150
362884
35270706
192384
554118097
391566
29816860
409931583
31460434
169144
25638273
436346329
19945726
