3314668
22940932
5415902
239340
316855
2002458
19497991
28111064
18936066
5242761
307474
77459
1478661
375084
816692
355989
5042227
27969163
27571335
16149488
5057818
16963280
16808549
2081274
5040750
22696319
300063
1297160
83010
187935
2918877
571120
27698247
5050623
247520
308518
171061
374907
188177
188585
27731177
2309191
17910220
27599724
209108
346089
16850569
186098
22822318
1297861
803888
353415
5051046
26211282
16808818
21799194
21699108
76965
205613
85445
287405
289700
26207071
236412
1751796
17177277
329218
283846
156925
390207
254204
340373
16972404
239364
21204780
26577240
5057087
22487996
158923
208950
168158
25985010
3985804
26217337
255737
298900
17858810
1835681
254271
95570
374826
25657379
238640
64909
26902779
1869719
165355
25707042
81637
3420720
265038
16158582
194526
26083514
306641
351174
27566945
27942097
22540701
190998
19184653
150852
1425704
27731179
26294760
3778194
986471
191605
5047348
210016
986989
332744
283629
5057675
1701156
22677558
3226004
190244
16343619
16341550
350942
21562994
235328
208905
357430
102627
794084
92864
141290
19914440
375336
2530135
108573
27907741
26061386
409040
27731531
287620
2002329
16343605
63914
28009327
19094999
27955657
527566
255492
27731541
115391
5058385
4345450
4346280
150992
139361
27501701
381756
155913
299590
27607217
22599421
632817
1698589
150654
94284
2756338
22800822
166603
21014925
21803604
26061918
3026554
87339
315962
656452
25727428
205511
18638059
208365
209235
106212
4261576
5044239
187943
139463
19567347
327186
18662465
280930
27555878
28138118
499027
5189832
27907490
155984
26353161
209648
26349280
247835
193156
224094
202370
321891
17517295
27630400
296964
63628
22766925
205429
25714321
375023
110146
5346672
17690715
255950
1490674
17247201
209719
743041
1651747
209750
298025
326708
3418522
82194
247165
103922
498184
165843
4278398
237468
276316
186693
350648
17280309
144094
27591659
22364646
16596518
4051656
4374941
20036333
188642
192702
17572311
213746
1761766
5397588
134000
24230601
4142529
4143419
5255640
5351485
92280
25776041
1919364
135092
27566189
5067882
26127546
18902757
26523013
254097
1142809
92257
347537
26562718
17112284
27747363
350957
1474585
27483200
1300089
364903
310449
4017469
4003383
306646
26130900
308208
1696823
2313958
4871744
816606
187250
19900527
187067
394850
4871775
1429869
26902203
1087292
27759597
3432381
186619
21606448
209914
22113363
16963125
188563
17822820
5058719
27893560
343497
16434054
64288
3313757
18969326
77397
2324505
308169
1614634
566196
26075404
25698040
168108
27598800
205449
187392
27804342
16858394
390504
375324
375425
2929187
4878115
2120049
19537516
202266
234253
18802524
1789158
5280398
89805
26085196
18072373
186102
374955
776923
21256483
63518
1720034
21356855
143377
1702199
25643227
356507
368747
186383
299352
19292842
27867827
25641345
17285331
5398654
18559022
140225
109566
27804343
22835542
356524
25706284
213707
188582
27747368
176723
19945736
256838
27939136
17617362
1427404
104298
5184148
251596
26117675
167743
376978
25729758
1432928
22746090
1990841
5039552
284189
4878333
364905
299509
92204
4153791
5096294
4170558
1474821
5058179
2324420
300587
85587
190464
210884
26524401
280922
5282083
311014
393926
27804322
374973
280581
27483177
145695
326736
27566701
396120
307032
3988618
4885285
26189824
5051237
209804
1615656
274598
223822
188051
571257
1377231
224837
5141647
5054900
63586
63597
4878292
374934
5057820
560144
25643275
299640
4278446
82453
229198
26544275
108469
5410441
184441
25702222
25699035
65758
1750531
65763
122058
2188846
27510174
27731486
375427
27562607
4878124
281906
93985
331598
1217893
21234075
108370
5048992
92309
156763
4072328
375485
19192338
331506
188261
191120
26361030
188783
25638391
19531715
25794013
5256103
439034
172386
92203
62176
17631682
27928338
115794
4872846
375118
170435
4878615
102591
374618
5027101
289596
27799001
318648
331512
27984963
4224624
25706371
18637632
277584
17541009
2117228
20554028
579879
27927010
18637990
2700745
1934807
358958
22809652
191351
21312263
3028480
113914
296862
16607021
26387358
5027854
26524348
16437042
375353
21510474
191299
27506271
22844228
394841
666391
157263
25641420
299521
375180
642614
317691
3918269
5044563
4236245
27543051
26075403
176339
2117894
22842404
750193
188639
299281
25657278
2922574
16275458
16435026
299466
156717
562339
374873
191146
25916696
169221
298061
234014
17559998
789254
375467
394809
1646138
5348862
141609
22627744
239164
28048822
350773
191187
25882976
27731535
104602
299513
2931581
5040138
5145740
21510438
326699
374996
26255148
25787220
27630300
26201820
17271134
1649082
190273
375114
210065
156641
4472919
93562
22651161
381758
210045
366270
16411983
28068841
167897
587944
27506267
92610
27804348
300490
1937070
93576
64374
20554004
277802
85544
22779933
444773
26304132
4871741
190130
205283
306558
27731533
277421
25638767
18615491
81608
1086086
281951
108125
17804651
374601
63968
27979408
26295849
17645918
3420341
4278314
27583168
27562905
2059056
256039
5282452
144059
5245483
146536
247691
27580305
16411990
19375094
2922570
233691
285098
108851
5264846
16437022
27908156
343008
25864548
375069
64752
103161
1822699
25650020
25640789
188579
391568
26425119
22363680
179765
16686619
327163
3923697
263645
299397
4053134
190249
25706363
27090774
643003
817661
315587
4128666
18753465
858520
18795427
16621255
25706277
25699068
178734
1475473
284125
22680660
103153
2124074
589160
2870865
5055675
135023
27538066
1700371
1334122708
1321722298
1317308643
545589140
1310960023
551954840
1318211489
542796719
865905712
553949075
569105661
1323304550
557581862
1310319885
1308788681
543987544
545201001
569200285
1294899788
1317679327
1301827140
1335463478
1308818222
1294889386
1313417724
1329164029
1313954882
545267936
1318519704
533337845
1318018472
1313789866
528752895
1311345794
1315169726
533447074
864041038
553604910
1304878396
1320101229
863515504
549320263
544708785
1321933263
501220638
540865840
528270567
1307884579
533526898
1325292076
1318776252
537772140
544064966
556204281
554090196
562727012
865021923
1325898352
1315449653
864421465
1300594639
534072344
1317100959
1323301359
537407955
530995524
528272120
550138159
537407686
532712711
571478939
1310542851
1334295026
1305033000
534631470
552650454
1304407431
1321385543
540263895
1313363055
526468892
571338647
1297748004
540384093
1307971993
1331708845
862573435
569870379
538610026
1335439338
1336407161
1305289168
1313778901
1321120075
1311319953
562592290
528272094
566436041
572847635
1332718562
572086460
530223371
1320101228
1333335577
1297743121
574356336
1311075507
1329611942
1301416320
1305925712
549321111
548484157
550119706
1304402824
1294889061
1308150564
1306332293
508053144
539980206
1296946992
528271266
550882682
553847151
554258821
866279886
1317245398
1325742225
530986746
536623989
1298130737
864352342
544247583
529546711
1319676183
544739937
557581214
1325071476
565305166
568736422
1309881397
1318075164
574928903
1331308754
1300159382
459159227
547697279
554097041
548103853
1309007044
550798509
1314273270
1303027326
1328289000
531695327
1307980966
1298237942
864652698
1304601911
1297492148
865857178
1329916190
1309715770
554245621
557255896
550691572
1320047104
1309734484
1311166524
1305824471
547969202
557137326
553815057
535693399
537683871
1332367383
1300639231
1297492096
1313325998
532572369
542977901
531051409
1305717581
1318695297
1323967761
574069833
554164682
1293951985
547059093
1317420570
550566631
540596307
549266626
557583187
1317705938
1320100116
1294243275
1307399559
543798452
1299974421
532575611
557581948
1335728545
547976283
538836558
1327339115
1305365717
1334859296
1334055306
1315530605
540708356
539138154
559735055
1318156992
538490627
862105689
1300381888
1335339357
533434257
557592085
1295161987
1297747234
550616199
533471294
566519124
1296558171
567316473
1329372855
1296903405
1314029978
1300745124
1323303957
553544125
1295861930
535590318
1325453694
1296637536
544246934
1309614546
1302084524
526470317
1322291685
1329089507
1325711964
552454462
1304857466
1303027581
1299563521
544879754
529824982
560379444
548890860
547247104
1317116436
530063664
1334667452
1306435575
565257648
864580200
864647561
571339838
570030361
551383211
557019633
1316499709
1303312201
541492536
1313558126
541687772
1320097207
557584447
572728136
1296156250
1296539257
554391703
862741536
1318721017
555640601
551338024
574840483
533047802
555974031
1328545235
1322460396
1308819086
536243181
1329612765
1323301292
1320649049
556216490
1335166911
1306497364
1313705406
541511123
1335942982
530995857
863764232
1298793640
1312027665
1300878784
548852601
532904684
1305174455
547825386
543203947
544231701
1305504298
1304301317
1298432432
532821330
1325451152
1321926963
526904525
565197965
1335715032
1302070214
543986146
1315821046
551793766
573617587
554375621
1310806182
863538890
550684333
1317223140
1310741276
541756647
1320530720
1313702028
1293945068
558560814
543988606
554618922
536622716
1329129059
1324502515
572965708
1298841958
1313113351
1294924870
567098893
1325711186
1311346765
1300423071
549378858
1298818293
1299557115
1299844890
1300441746
542697096
551335113
1304517647
1320862786
1325724256
553543153
1297532485
546860241
1321547654
1294679412
1323497255
1299709949
540609202
1303019042
545019506
574924713
863184430
529114281
1302351836
555927669
1312166633
1301905114
536545826
1317145091
1323273921
528273535
573428444
543986555
1334659555
530986444
560601780
547060001
1323244077
1297747757
863493139
554242503
528094899
542672671
537407217
1294978740
1302090572
571340831
1320100123
1325898353
552598688
528273144
557583014
539983883
863489040
1297750119
530995386
1313558665
532950265
1294946677
1303027533
1317420565
533367211
528005734
532405678
558509753
571527312
534554433
550138093
1327682618
569941195
863410530
1334296072
575015416
570189552
571514891
1321382028
526883263
567145054
546619021
552651043
1298387568
547374411
534539446
553306226
1293905026
1330570976
549483818
1312595691
1311091117
1313897484
546724458
1335832866
1321382251
531051916
1306498096
539250721
532314532
864618799
557583066
1323301643
548815317
1304854226
536623241
548435613
1332461204
569105338
1300644881
1317420258
1297494121
557583012
556203038
552717031
540333734
538610027
862098146
1306507269
1308819693
862881811
560709039
1305366734
1332452465
1297002022
544000967
1314637172
1313326625
554252300
1332718268
550133711
556568359
574921778
1295298344
1318284251
1308782938
1313314721
555974147
1300818018
1309896216
1305644204
1300720292
556030645
417953668
1317116099
533296456
572022247
1304301319
1313070706
1316888384
529814942
1294910115
548785555
535031437
548433725
556220632
862854166
547825917
1311345709
1325350639
571948387
528271372
552681508
553640720
1333341557
1332489590
864648373
555971343
567145049
864099277
536578128
1303028432
1318816012
1331974916
1329419579
1296558183
538361098
1321090459
1298977340
1320484967
545449273
548556492
532525377
548650022
563586077
1295471648
556030516
547812462
550868204
1299563788
574926582
1294888855
534541185
1294899224
862146457
571902335
557244721
543564923
1308819417
1322090309
1318430060
1315696725
568586000
1299010571
864554033
569214141
864614515
1334327158
1331593955
574836444
1311365417
1329750350
556201028
862099072
529834079
570350025
1317671992
1317164955
527709264
1324104282
1333264363
1304866270
546285149
862577262
1306598782
556030256
534729940
1296539280
562494194
506094660
1301706965
526892072
573192230
553813053
1318336997
1321547652
1313326620
1295296356
572086860
516358418
1325349675
545507331
547118499
550716241
551826660
530995449
1314885103
529823502
1304848880
528545459
555004907
546722488
1331676551
547249460
1311131114
1318524155
862335805
534541197
527654083
865736411
553814079
1305364162
1302696908
528864546
1301965381
1302132211
1296638034
534066508
556064369
1329719673
1335969420
534541195
527520157
1311397390
1324523062
561985901
1335536264
530801066
1302132702
1320100263
1301027901
562597324
531051299
1329734308
862244862
1321778543
548648066
541511559
1331905927
543988601
549884006
566435601
536082971
570427731
1321385420
1306566712
526464863
1301861956
558132121
571336615
1296539348
503127212
533548318
1323756567
1318582875
550684496
549800712
574090469
539260775
541492537
1325896427
1326345574
534544523
1294899572
1295393373
1320512505
1318088760
1330020822
1304915531
566443287
1305475995
1327920415
864100065
1325898369
549941995
573617890
454924322
1308819522
1294889294
1296583130
547967407
864622002
545136652
1315398144
544739236
1320591862
546798913
538146866
1323302878
536513830
1312676169
862098298
1311037448
1313325999
1329748054
533824432
573540559
545079912
1310774833
1294889947
863577684
1299701932
1330289260
1296461202
1314458568
1334382595
1313107970
551338537
1334297185
1334991026
1319393311
1293905026
549865276
1331593112
553815085
552430314
1320649049
532067244
534670763
573192230
1331631052
548785552
557581214
535028069
571465322
862098146
572086860
1304609061
553922735
537140110
1334382595
553051425
536096206
1325711745
1331127961
1334667455
1302314845
529915905
549941049
1334327028
574926582
1309731170
862256988
547996731
1315679005
545962056
1328602542
1300983302
526904525
567601138
554245910
1299557877
543987574
1312932836
1320016017
552448704
1334673824
553688508
1331996637
1320591862
569870549
1329129059
1294889947
556269349
534541257
1308081417
864255624
1302352606
570317222
1319689027
1306496813
573239121
554164682
557226425
1307884579
1309925486
556216490
1318776252
1294684644
574928854
864647638
534631470
552335658
1320929055
532940451
574639897
572601946
862705636
1319908948
557583012
1320645226
1327877878
572842555
534544056
532314532
563323623
1316183109
1315694665
558245993
1303027533
1312872061
1307981418
549309183
1321382268
1325880634
864314001
1317457749
546277965
1311319953
863481066
573428443
1329963137
572099077
1299844890
1329944076
531533335
1309155499
533954739
552485087
1329891159
533713714
1323301905
526892072
1299953133
548556492
1309831752
1335715032
551335236
528273144
532712711
530986868
574847992
532275366
1331308898
574963920
558132121
1331579598
1298432432
545589140
1300415554
529814913
567568561
1323062103
1313107896
1302621712
547060001
1306496053
555181271
546838030
1299792742
554244188
572720635
554242705
863392140
560379444
1318458131
538361098
531695327
1300878784
1324820329
528335230
1321547654
566436041
536870703
540263895
1323809904
570350024
1306566712
1325898782
864255980
532950095
528005734
1294924198
862881811
1320776554
545192101
1297532485
528545459
1330289260
1334295026
557579433
549865623
573577351
1321803047
549955650
551338024
535031437
1325711643
507324611
1329126048
571340122
1295471648
531051299
1313376173
1301674258
554374568
534917810
1335822316
1334122708
516358523
546285149
571866862
537170109
1312250080
531051917
1316563834
1323301359
558766879
536098116
1312244167
1305902244
549800624
534541400
563840187
536623354
1304668364
529824285
1306507269
546047335
553814079
864224474
557581040
534064533
1333350792
540274409
536570777
1311346841
528273346
864352342
571514891
553474005
545592498
503127212
545799502
1334719598
545385754
1321385137
569830896
574836052
1336485605
1315064029
563382962
1321090459
527991965
865905712
1329916190
1305073611
555461025
1335257558
1319689030
1335809275
1308819113
1305366486
1309814354
1320625316
543986146
534541133
1324077956
1331192365
1305289168
528273378
526470317
1319657713
1300452757
1302953053
544708785
557583066
862098475
1336407161
548586609
1328878850
541314144
574919996
534064047
1293945068
1333350747
571338342
551340076
1295933224
1333394655
572847635
554813564
1320100116
551338537
1293951985
548433725
552575135
506094660
543988434
1308588706
865021194
1318519704
1306780562
544965201
1308256434
529001115
539236792
1321740481
571338726
543919205
1335969420
557583125
1301416320
1302556232
1334295025
558187275
1329419579
1297750119
545092377
572032429
1300130282
550616199
544247020
531051409
536097175
537407686
1295183865
1309635754
551352293
1294890433
1325740603
1304301069
1328146447
1296332922
1329612765
865871631
538610032
533434257
454924322
534057368
543678302
1316659173
1322291685
574069833
1321933263
529668428
1325071476
570350025
1313089508
550578878
1334160495
1302410469
1306496671
534541067
1311347344
566442444
1294968194
1325897048
1330933865
1325896662
1313781571
862577262
542871640
550566639
1306498730
1297492180
863487992
417833030
1304601911
544231701
555640601
1323497255
570324462
537155257
557578859
538737139
1315122248
566435601
1334667449
1307542976
1313033482
1331618583
548435613
555395231
1316159328
1309915152
1308819086
1307491501
574928903
1326773330
1333199955
1329748054
1307554528
1306111357
551409472
557723511
866007361
1314362668
1303092782
1325055504
557584447
572810839
1313052961
1303074646
1318211489
531376412
1308819457
558155565
1328366532
1313951459
1300381897
1296685183
1313326620
537055764
1321382163
551666488
541511123
554097041
552334488
545079912
534064012
556189689
1301457045
862098264
569237963
556201023
532405678
1325698675
1334667444
532286561
1306040057
543669009
527520157
1300847350
532904684
547379631
862100838
1308819790
1309371070
556568359
1298237942
569200290
1331708845
1315466565
1305925712
1308151900
1313325998
1334818205
862098298
1306031396
1293860105
1308601190
1320530720
554377182
866022369
1334991026
531181473
571339838
1324122814
533654952
1320484967
534275984
1329734275
1307332436
553398754
1321451531
557583289
528850685
1317420774
1302434270
1300644881
1293904134
1315696725
1298977340
573082547
1311959870
1296593974
538573855
1310813048
1296302432
556825677
529987424
556557464
1321722298
543203947
1325125720
1305824471
571074119
1319425225
1313702028
1294899224
570317010
573950505
533447074
530007791
862098927
1322299139
557579631
541432242
548815317
1314273270
863290154
537150725
543986119
556201046
1320862786
1321385420
556207023
1333368482
866081742
554559537
566494968
558509753
561377932
1293904024
1318721017
1320858202
554945702
1294843245
532821330
1300939626
568413102
1332184773
865340811
1306496090
536545826
574922328
538260934
529823660
524003044
1334745873
542635760
534631610
538768446
532940282
574533103
562689272
532950351
1294889294
1297747109
1325153417
573747359
530740785
866279886
536221227
1313954882
549361687
1328349619
1319607592
572729968
542818195
1327809651
1304301318
864037855
865907167
1307054928
1325165053
1305960097
1319394226
1295298308
1305364162
571854528
1301861959
552077916
545350958
1334297124
1331139683
1307789958
557583031
527957770
569937263
1320155847
571339613
1301572562
1329135338
1313070706
865868057
1317212529
1302090321
549321111
1324242184
1332461204
1323303656
533824432
865738683
501220638
1323842851
1327682742
538836558
533446763
557158202
1308818964
538871114
863084294
572903330
1309995372
562594084
574922126
1318489632
1299059045
545507331
1307445596
1325349675
549800595
571340262
533392248
1328967642
1314952590
1327694869
550805536
536623989
544739937
528271561
1335381360
539435748
526472296
1334580588
1334473377
536623241
534015389
1319344081
1332891849
571336615
1297532315
557505144
1320649889
574921778
1327190972
1324880502
1305365717
1321931465
1296583189
554245736
544180773
562759025
1300720292
1329750350
1318467921
554200153
508053143
545084839
1301027901
1306641059
554245621
1323301891
569690489
1313725541
541511560
1301706965
531786614
1313558665
568103881
1316439086
573673964
530537499
1328085413
1331308754
571994053
1312714711
548032323
536623942
1317068337
538150283
536916623
532940288
534539202
534621822
1323304761
534539446
1314029978
567020959
1304665120
548785556
1308064540
559735055
1316256535
1318524155
535842228
569941195
536243181
528273215
547764010
1295187652
1308010773
1325241707
1336001071
1300381888
1328545357
1318620393
1325190392
549489065
866066384
864196929
567500925
533548318
542479153
1301997973
1313591404
568741706
1316351312
1325950561
1315530605
533079474
1336198737
1305033000
1326890648
1317379864
1309728506
1301905114
1332489590
537854385
531040804
1296583130
570427731
546619498
529668883
1296400127
1306567319
571595292
573150618
565197965
528116799
1296558183
863436593
531667357
536272647
543988605
572086460
1323302878
539212155
1307980963
553543153
1325453694
572022247
864614515
554355555
1313648023
1298505546
527654083
1296946992
1333335577
547552723
533106304
538610028
547973234
538227434
562082647
531344450
864289104
864618799
542871444
1313052888
1315466675
555974039
534348763
561452914
1301573297
550119706
550336649
560786355
1323967761
1317420570
1313771839
556135526
864564034
554242502
1306339131
1313558126
572393241
548785557
562069478
864648376
570332103
1315812476
1325898368
1333013293
553413024
506092590
1329611942
1327824730
549320263
1314885103
1315121303
549378858
1301835417
1311209054
1298635999
454924321
1320591512
557274916
864682581
864639378
863764232
1312563735
1318208300
1311347322
1309814828
1331697922
862100980
528273299
1335650231
1330472048
1293951568
1305717581
543798481
1306507053
1302428348
551337039
1313897484
557521562
1321762869
1332686393
544056528
1313052290
535596235
1296178793
1325711844
563733620
1310413720
530223371
1309903075
1313558114
1325310947
864492558
1308778228
1297743861
1334296072
1317646468
536958097
1302090572
1335339357
1322263083
864863154
1317668183
546344919
1309903606
562594265
553813053
571469088
552651043
1329372855
1294165085
1312186120
536937651
862762145
1332484955
557584226
551311301
538075787
1318571311
572182539
1305269585
550004429
1336432154
544349461
1323302964
530986175
1301042215
1306497049
550654609
1309814395
1298038069
534554433
1295843477
1321938679
1296156250
1302953359
574924713
863104636
1325897214
553899593
544199946
1336088110
574926589
1335819187
421807962
1299570903
1318816012
1326345574
1333425434
1323035048
1302114856
1320100123
1323274314
551335381
550491747
1300594526
554200671
540865853
538063470
537131171
548103861
557465167
552454462
1298081863
1325462170
571832692
864648373
1315961674
536128512
1299709949
1331386401
1332398606
532810065
534539543
550231922
1313314721
564735933
1318008605
543988601
1321382028
550566631
557790087
864489965
1317456087
1335536264
527614650
1335466285
557583011
1295724562
534540557
1305366729
1332942637
1321740482
1304915531
1310993427
1309734484
574424625
569105661
548649021
1301870425
552719241
554191989
1296539348
566950648
561970665
565890722
536578128
1298673459
569985159
862098473
537854962
564358652
865909031
864147069
1327901452
545267936
1304716261
1309896539
865048100
544274399
546441956
1294924275
1324104282
533443911
533083125
553640720
543798452
550746666
1318460031
1323123874
564247926
1310176387
1313107109
557072329
568736422
1304405633
1334270062
863410530
557581862
1328921996
1294924172
1323331556
864993835
573428444
459159224
550485834
1311131114
1321392023
536608330
1333189463
529232341
547976283
1293952008
1308646798
1311345874
1322228868
539348163
531231623
563733097
1323301643
537854251
1319679319
549320309
542540507
565412792
417250912
1295717199
542697227
1309697628
1302132702
1293952001
529546711
555914250
864647494
1320098204
1301810106
557309668
1309981943
1317457421
1299607713
571465303
1329612762
552304135
1306386465
1335797562
534072344
551337484
1306598782
1307256482
1302910002
547059093
1318133333
554241632
1332663300
534544522
544739911
560899696
1321926963
571336453
540081128
535307192
1304760930
533182408
556076025
1298432428
1329359777
1325764439
554027878
1314007939
1321820170
530057917
1333468178
1308563711
1301224170
543638390
1335986185
541511559
1324874010
571336983
573582024
1331677398
543986207
564187301
530986557
557584485
1296302425
1301062404
536221524
556204024
863489766
1298130745
1306887189
1323304827
1322129290
1303026614
553815057
1329475404
1333345135
571680163
1335802558
1316577763
863493139
559436259
1302164920
1310469265
563840366
1313052972
539982411
1332607749
539250721
562598057
528271287
1332762344
529987765
863607147
1323304966
564247829
1313066533
1332721585
538278979
862102679
550946717
1333335408
1333499364
1325711964
536622408
1297492148
1304931035
556066474
544190291
1314385613
555680723
864980438
544708176
541911962
551335083
552296637
1306369872
1334659559
508053144
553537466
545799648
1295296356
527709264
1301472060
537407955
560830364
1313419160
1313121523
1318284251
528864546
1313789866
865914238
1296151362
1324735214
1302090350
549410049
1313107930
558560814
1303312201
532940296
1304758631
538782194
1307399559
556064369
555931250
549760633
547969202
1296539280
531786605
572798845
1311530752
567599802
1297526778
533790022
557019633
1333408579
862098862
1300044314
1304517647
1327843079
1305644204
534066459
547677625
1294382276
574840483
1316499709
1313920630
1315441728
1319603950
1312595691
1320097108
543607216
533403096
534544523
1306423548
1329719283
1325451152
551365071
536154915
575015416
553637784
570336496
530389523
512358234
534554480
573617674
529834681
1321391023
565257648
1304400757
549360943
555398956
546722653
1302087849
556030256
1325711344
1322356404
1310806182
1321859457
1322298225
541509591
544064966
1296461202
1309975421
1300452346
864088893
1299563788
565374410
1307980966
1326558872
544333842
1334731383
554380302
1306908061
1322899092
1321056470
542691161
864643329
551181560
535590318
1316414389
544000236
567644019
1297433619
574908023
1313779494
1299557115
541480565
1334034591
556201010
563999351
571645541
1308782938
541492536
1330020822
1294889948
555942429
543710904
571339193
573081624
566436449
573617587
562675516
552598688
1294631869
1324844216
570325078
540289777
554242503
1335819809
862335805
528273535
530715220
1320886841
1334907952
1322460396
536570550
1302091527
1294924850
526883346
1316931064
1332489493
551337431
548648155
556203038
536623692
1317993671
1313363055
531051586
532525377
1300198788
549800502
533296456
1325711186
863515891
529823910
567624093
1302132211
565890626
1327060656
1297742771
1313034565
1300576781
1297747560
548097859
527979647
1326295454
1297743970
1318089157
1305366495
529823502
1325711236
553544125
557592085
550878178
536595807
546724682
1335901812
865465312
1294889610
1325917704
538610026
555824954
544247276
1327205635
557286490
1323862556
1294419747
1321762088
534228673
1331819027
554200154
547976457
1298774945
1302696908
1329750161
1307419035
542796719
549941365
533040096
1309394147
573582496
564971631
862100907
865857178
529114281
1323987109
532754058
539980206
1313325999
1334809685
1311345794
533392183
535024093
1317164955
1321661860
1309224604
863428039
535693399
531728656
1294889386
1335791778
1333128474
542697130
865021923
562727012
537407217
1325896191
1318018472
555895808
556207249
1294910832
529823909
1306683696
550882682
1311134099
1312836830
864580963
1314035125
557581864
549515015
1295518486
454698656
1315411779
537861528
1316498184
573617890
1325898353
1321385072
1298968202
1325898763
864489962
546798913
1322215678
862891613
1317420258
863430978
528272120
1319826000
536396243
546715225
1313658649
1323827352
560709039
1301775640
1301574308
1317671992
1313705406
529197058
1299649170
535551446
563563025
1321604070
555927669
543348591
1297486193
528414846
526904730
862846166
1320873386
528350087
1306566437
1317457815
555998063
563586077
547697279
1307980965
1320100226
572079859
1300639231
534539375
865907026
866062997
556558477
1334649919
1297750387
540586821
528272391
1294924870
862098456
550133711
1318814907
545089937
1320705041
567145047
1311638085
547812462
1325896427
528270244
863577684
1323433653
1315144740
1313897816
540609202
574926583
1325473464
1318530025
530995386
538360252
550514737
1295548309
567101163
1333264363
554258821
535242683
564883379
536624786
565458083
555004907
538610031
862100246
1302439656
545449273
539260775
554245598
554169128
520460201
531295474
550905537
560334858
532940318
1308015159
473873638
1327080870
574014422
571463522
1325724256
1294735301
544739236
1296583187
1295552690
1294910115
1334270566
1328248848
548852601
866258069
569870379
550298087
1300747962
1301256758
862099075
551970360
554200163
1321762099
1310741276
573540311
1331845314
1294889219
1298697593
530471274
547374411
1322298227
575015436
1294715822
494642890
1328289000
1327174492
1329940346
1309903366
1320100263
1302680009
864804184
549941046
1325711237
1333365172
570295132
863831522
548785555
864485873
1321120075
526464863
1333509320
546723481
564508589
1303019367
536937957
568249855
1332718562
546722462
1318088495
556203037
1329213111
574836444
531295227
1299017325
538651601
1302351836
561372552
862429436
574925689
1305364667
1331819550
533958609
570086189
1321533877
554404661
535831731
1334774209
1329843323
562598390
562597293
1324220386
1294978740
552084012
536154533
527620034
567098893
543611288
1331885289
529662080
557583187
1321778543
1316888384
1331371062
1294163363
564417334
1300818018
1314811712
1299701932
1309319373
556220632
1297747234
1325711651
1331593955
541422691
535024385
549266626
1297747699
573540709
1318879028
1302284051
557704063
557137326
563563342
548145121
529824982
531040626
1297743363
528094899
1307349644
1330109429
1335333797
548511101
1323273921
531040478
536396470
573540559
1296490917
1313778901
1313594825
542672671
864353348
1305366559
1320101229
528271266
1335529596
536232021
1330551810
1323301698
1317999620
1335628302
1302084123
571339447
1302091532
1334584990
545201001
1311346155
1331974916
1312104048
1308914382
1307398848
557317552
572700270
1320142092
574915369
532769381
571813759
862317705
553815246
1294094928
549883409
547118499
543987544
1320100071
553203065
1334077673
1334667453
1323302720