101079
10309086
104241
104274
104527
105827
106212
106368
108245
108248
108254
108269
108303
108370
108401
108503
108806
1089382
109198
109628
1098827
110146
110805
112167
112908
113289
114024
1142089
114397
114442
114741
115162
115250
115794
116103
1215494
1217530
1217558
1294834429
1294843245
1294889610
1294899223
1294899224
1294899773
1294924238
1294978740
1295164694
1295187652
1295194487
1295298344
1295393373
1295453752
1295518486
1295548309
1295843093
1296151327
1296151362
1296400127
1296461202
1296490917
1296548061
1296590092
1296946992
1297318384
1297403468
1297486193
1297492148
1297492180
1297493221
1297532315
1297650
1297699
1297742399
1297742771
1297742772
1297743363
1297747234
1297747757
1297794795
1297841
1297889374
1297941
1298038069
1298130530
1298130745
1298237942
1298432428
1298452422
1298673199
1298673459
1298793640
1298841909
1298841958
1299017325
1299059045
1299557938
1299563788
1299570463
1299570939
1299641939
1299701932
1299711624
1299818
1299871688
1300132675
1300225592
1300287
1300355030
1300415554
1300423391
1300452346
1300452757
1300720211
1300745124
1300747962
1301062404
1301568521
1301572216
1301572562
1301573958
1301674258
1301706965
1301777874
1301861947
1301861948
1301861950
1301861954
1301861956
1301909440
1302084524
1302104898
1302314845
1302352606
1302401401
1302434270
1302621712
1302794628
1302953359
1303019367
1303027439
1303046498
1303312201
1303726727
1304301318
1304405633
1304407431
1304427659
1304517647
1304716261
1304719349
1304848880
1304854226
1304857466
1304915531
1304922033
1305016436
1305073611
1305174455
1305187415
1305459957
1305464639
1305504298
1305504315
1305656179
1305810855
1305875823
1305902244
1305960097
1306248414
1306332293
1306333181
1306369872
1306423548
1306436299
1306497271
1306497946
1306597651
1306648317
1306743777
1306908061
1306923998
1307010008
1307170652
1307186170
1307216159
1307221245
1307349644
1307371705
1307385071
1307398848
1307473639
1307542976
1307598522
1307702942
1307789958
1307980965
1307981418
1307987861
1308150564
1308256434
1308363066
1308646798
1308745858
1308819113
1308819417
1308819457
1309073859
1309155499
1309261506
1309319373
1309388558
1309394147
1309635754
1309697628
1309715770
1309814119
1309814354
1309814395
1309853414
1309896377
1309896539
1309901659
1309901660
1309903606
1309975421
1309981943
1310022346
1310137029
1310319885
1310412434
1310413658
1310774833
1310960023
1310969255
1310999362
1311075507
1311134039
1311134099
1311345944
1311375260
1311530752
1311638085
1311959870
1311978631
1312250080
1312435002
1312528250
1312714711
1312889593
1312993764
1313033482
1313052290
1313052387
1313052711
1313052888
1313102148
1313102152
1313107767
1313107902
1313107917
1313107970
1313113351
1313115441
1313121523
1313275097
1313412684
1313558307
1313591404
1313658649
1313725541
1313778901
1313789866
1313902845
1313920630
1314273270
1314334768
1314385613
1314510530
1314565334
1314662246
1314751313
1314885103
1315121303
1315144740
1315211087
1315449653
1315466675
1315698167
1315961674
1315963154
1316159328
1316256535
1316351312
1316439086
1316498184
1316510195
1316563030
1316563876
1316888385
1317003118
1317116094
1317116099
1317145091
1317145909
1317164955
1317308644
1317379535
1317410283
1317420612
1317420799
1317494331
1317671992
1317903485
1318088495
1318089157
1318208300
1318316846
1318393981
1318489632
1318519704
1318522028
1318721004
1318721017
1318859321
1319079665
1319344081
1319604862
1319676183
1319689030
1320016017
1320064535
1320100123
1320153377
1320188206
1320384742
1320484967
1320530720
1320591512
1320649049
1320683068
1320697603
1320776019
1320776554
1320862786
1321090459
1321439802
1321442901
1321451531
1321604070
1321722298
1321760184
1321762088
1321803047
1321922423
1321931465
1322032085
1322090309
1322129290
1322215678
1322263083
1322298227
1322303948
1322356404
1322460396
1322892676
1322899092
1322981494
1323099451
1323244077
1323274314
1323301643
1323301698
1323303687
1323321030
1323331556
1323377000
1323414620
1323434826
1323631439
1323809904
1323870366
1324035458
1324735214
1324899705
1325071476
1325165053
1325190392
1325292076
1325310947
1325349675
1325350637
1325350639
1325419094
1325451152
1325453694
1325614219
1325711186
1325711643
1325711844
1325711964
1325722724
1325740603
1325896374
1325896666
1325896983
1325897262
1325897270
1325897555
1325898350
1325898352
1325898758
1325898763
1325917704
1326295454
1326439375
1326792863
1326805186
1326860624
1326862369
1326890648
1327080870
1327682742
1327694869
1327877878
1327889173
1327901452
1328085413
1328146447
1328366532
1328545235
1328878850
1328910929
1328974927
1329013841
1329076465
1329089507
1329164029
1329183592
1329372855
1329475404
1329538017
1329734308
1329908929
1329916190
1329940346
1329999687
1330289260
1330472048
1330503901
1330525150
1330570976
1330938221
1330941522
1331127961
1331206556
1331296709
1331371062
1331386401
1331618583
1331708845
1331800077
1331812809
1331819040
1331819075
1331819550
1331870183
1331905927
1331964784
1331974916
1332367383
1332663300
1332718268
1333013293
1333128474
1333186383
1333336513
1333336680
1333373736
1333460794
1334055306
1334122708
1334160495
1334270932
1334296036
1334296072
1334327028
1334327158
1334329149
1334400876
1334433243
1334499416
1334570651
1334674512
1334731383
1334811380
1334845804
1334859296
1335311790
1335339357
1335381360
1335387121
1335529596
1335536264
1335590077
1335628302
1335728545
1335791778
1335809275
1335819809
1335832866
1335901812
1335952302
1336001071
1336088807
1336407161
1336432154
1336485605
1336654096
1336713728
1336789984
1336856180
1336856196
1336856653
1336856698
1336864736
1336866162
1336866526
1336866655
1336866856
1336886518
1337018939
1337130734
1337134224
1337268383
1337296869
1337345800
1337544454
1337549064
1337605608
1337949941
1337976160
1337981999
1338023759
1338060349
1338119851
1338352431
1338443147
1338451006
1338664017
1338785762
1338803495
1338940080
1339031165
1339059081
1339252918
1339314607
1339699766
1339805651
1339836579
1339962729
1340015126
1340120820
1340175443
1340192075
1340257267
1340377545
1340461397
1340507796
1340514784
1340520626
1340535891
1340759949
1340787987
1340809791
1340842066
1340968914
1341121076
1341138873
1341152592
1341210106
1341482370
1341503728
1341621836
1341923387
1342087551
1342155355
1342155356
1342278329
1342362053
1342536816
1342566625
1342743664
1342819982
1342887541
1342951475
1343109819
1343358357
1343420262
1343445127
1343454593
1343458283
1343458292
1343531336
1343648547
1343701728
1343731992
1343787184
1343868511
1344170922
1344411418
1344438011
1344528107
1344644402
1344819664
1344851065
1345336709
1345338338
1345476518
1345485671
1345707939
1345803132
1345868983
1345916143
1346046706
1346128814
1346242725
1346547445
1346620664
1346675477
1346758809
1346802907
1347090645
1347227665
1347227963
1347230793
1347439894
1347485765
1347529350
1347650968
1347653953
1347704301
1347725270
1347814906
1348383168
1348568675
1348650973
1348688293
1348704277
1348798719
1348835834
1348917629
1348950947
1348951724
1349093232
1349198586
1349215186
1349283609
1349566104
1349711941
1349914335
1349965829
1349965887
1350125998
1350147118
1350263798
1350389655
1350508183
1350571417
1350633689
1350693202
1350874392
1351009178
1351046073
1351112642
1351253146
1351253781
1351351466
1351501649
1351582257
1351607468
1351615757
1351642704
1351651503
1351664230
1351774831
1351913687
1351917732
1351965743
1351973166
1351973198
1352045703
1352063761
1352068979
1352111053
1352163999
1352247345
1352544796
1352548429
1352688607
1352818828
1352820814
1352897394
1352932036
1353159923
1353212443
1353220624
1353240143
1353757543
1354425969
1354445427
1354634810
1355149745
1355150031
1355164990
1355851077
1355912020
1355916781
1355916784
1355916808
1355916842
1356073625
1356131126
1356132613
1356146948
1356147382
1356147383
1356157853
1356220977
1356309192
1356353232
1356397282
1356580767
1356580768
1356657763
1356658022
1356668705
1356668706
1357233444
1357425794
135768
1357768567
1357788380
1357815585
1357848165
1358003415
1358247909
1358848617
1358848647
1358895446
1358918318
1359058416
1359114588
1359186740
1359232604
1359617210
1359628975
1359663981
1359712678
1359815265
1360113449
1360405192
1360473326
1360892929
1360981485
1361001833
1361109497
1361163819
1361198844
1361232623
1361270742
1361280007
1361288600
1361335790
1361361165
1361384409
1361615886
1361694864
1361818375
1362183237
1362195749
1375824
1377247
1377257
139359
139764
139808
141290
143403
144513
144515
144619
145586
147030
1471592
147258
1474821
1478636
1484889
1490674
149702
150371
150432
150524
150619
150623
150651
150667
151646
154457
156128
156143
156284
156374
156641
156717
156772
157263
158185
158616
158655
158739
158923
158939
1591910
1610477
16158404
16158507
163123
163345
16343618
16343632
163635
16375205
16426485
16426574
16431979
16432043
16483438
1649082
165026
1651747
16532462
165367
165376
165377
165379
165405
165522
165934
16593585
16607511
16607998
16648232
166962
167595
167679
16768019
167696
167705
167709
167715
167752
167802
16780426
167815
167885
167897
167903
167912
168053
16805463
168089
168097
168141
16823382
16828089
16858400
169216
169243
1693663
16947979
16957780
1695819
16967333
1702199
17086516
17112299
1720034
17240037
17346999
173819
17405587
174189
17427620
17470701
174960
174961
175576
17559974
17572084
17572558
175991
176053
17646724
17654232
17657650
17706562
177074
17721274
177453
17800979
178139
1781643
1791446
17950503
17950509
179768
18015961
18036485
18056663
18059829
18059932
1807865
18095043
18210641
1822699
18374823
184467
18449193
185706
185712
185792
185919
185950
186345
186348
18637919
186488
186619
186624
186724
186842
1868486
186899
187134
187968
18803171
18803411
188051
188057
188261
188429
188432
188642
188647
188657
188671
188674
188703
189207
189236
189238
189315
189323
189986
190042
190246
190328
190352
190360
190380
190495
190526
190532
190563
190690
190778
19094999
190998
191024
191046
191060
191171
191248
191252
191278
191316
191508
19150930
19154097
19168459
1921734
1923416
1923483
1923560
19264098
192702
19292804
19292852
1936601
19375157
19395222
1940312
194769
19506418
19531715
19537516
19538200
19567986
19610381
196816
19711382
19827042
1989355
2009830
202367
202368
202376
20263666
20310407
20515814
20515834
20515939
205320
205421
205449
2057055
2069470
20707571
20789751
2080139
2081092
208889
208891
208938
208950
208963
209115
209414
209719
210089
21038756
210837
210842
210866
210884
21127718
21151698
21178422
2117962
212233
21223795
21224493
21224495
212253
2122732
21234420
212376
2124074
21252854
21253806
21253809
21253958
21253966
21256075
21256483
21274655
21311956
21312234
213673
21373645
213791
21406135
21411019
21563004
21563094
21572439
21606436
21609195
21674656
217501
21792987
21799194
21803604
21803920
2187720
2188283
21940256
21948077
21965137
21974794
2207048
221627
222724
22290519
224326
22494904
22551663
22640061
22644099
22660461
22664209
22677859
22683613
22691514
22701029
22701801
22705492
22707009
22737855
22740077
22740768
22770507
227738
22778414
22781103
22792900
22792955
22814470
22821100
22821586
22823170
22834906
22840606
22842399
22843782
22843786
229070
229090
22956421
230266
2313536
233933
234015
23432684
23526200
236333
240147
2414902
2416737
2424675
24300493
247491
247498
247512
247527
247536
247936
247947
25230717
2533578
2533629
2534006
254037
254039
254265
254271
254319
254460
254499
254589
255907
255950
256039
256081
25638306
25638340
25638599
25639351
25640674
25642139
25642144
25643327
25643359
25645678
25648017
25648030
25657229
25657233
25657277
25657280
25657364
25684343
25694525
25702173
25704014
257098
25714082
25714355
25723157
25727428
25729605
25729827
25730836
25787222
25795016
258134
258684
2587254
2587456
259541
25986220
260109
26075662
26092656
26093675
26109186
26110444
26111503
26113988
26116370
26127546
26130900
26131191
26131195
2614003
26140679
26144177
26145391
26145723
26145724
26167070
26167184
26172016
26173033
26193501
26197585
26199446
26207292
26209766
26215210
26217033
26233523
26239032
26256023
26259014
26260757
26270153
26278635
26305527
26305540
26305550
26314079
26322055
26324179
26335699
26349697
26349700
26350977
26353080
26361010
263720
26379197
26380298
26381906
26383055
26387123
26387358
26390073
26418207
26418808
26425118
26425119
26427663
26431839
26447696
26447698
26492802
26505895
26509205
26524402
26544456
26545154
26548584
26550268
26562231
26562526
26562718
26584453
26590305
26608581
26608741
26609877
26624703
26643898
26857440
26902203
26907013
26936976
26978189
26999060
2701514
27037491
27083093
27108551
27109804
27130297
27198691
27244511
27459110
274859
27506267
27506597
27510024
27510174
27511596
27514846
27514865
27538254
27544862
27548281
27548687
27552554
27552690
27560017
27566958
27570024
27571335
27571483
27571714
275758
27583241
27583635
27588219
27588486
27591204
27591444
27591608
27591651
27591655
276035
27605584
27607217
276129
276220
276225
276269
27630178
27630180
27646851
27671088
276711
27678655
27678693
27690693
276936
27694142
27694145
27697195
27698017
27698223
276999
27706564
27711546
27713467
27713470
27713473
27713475
2771984
2772113
27725121
27731172
27731362
27731537
27733050
277382
27747326
27750089
277586
27759597
277686
27770306
27770540
277802
27784957
27804336
27810037
27829068
27835539
27836503
27846862
27853752
2786189
2786284
27867503
27871272
27879263
27882239
27890395
27890828
27896639
27901331
27902967
27907741
27907987
27927640
27927755
27928402
27929366
27939136
27942413
27949293
27949374
27955142
27955391
27955657
27965044
27969667
27969800
27978505
27984994
27984995
28000572
280120
28013089
28018217
28018264
28018274
28068202
280761
280765
28095564
28099920
28100900
28103370
28111630
28126835
28133171
28138170
28138228
28138493
28143753
28148942
28154885
28160015
28160720
28172671
28188425
28188427
28191532
28193020
28208212
282131
28220107
28228004
28240362
28240672
283435
285321
285546
2866463
286745
286765
286966
2870985
287251
287398
287749
287752
288307
288966
289190
289232
2918794
2918877
2918956
2920947
2921805
2923152
293649
293769
297715
297748
298250
298495
298838
299075
299090
299116
299258
299445
299601
299604
299644
299936
299950
299981
300066
300136
301035
301947
3019798
3025202
3026369
3026583
3026715
305020
306654
306709
306845
306920
306967
307018
307057
307198
307606
308169
308208
314773
3155137
3157058
316108
316117
3161527
3163120
316486
316498
316637
316752
316756
316938
317868
3203393
320950
3229858
3241645
324962
327068
327225
327419
327736
329125
329218
329371
329994
330217
330706
3313334
3314177
332246
3404766
3406918
3418522
342343
343054
343502
343557
344156
344157
346073
346084
346089
347344
347705
347712
347758
350773
351059
352894
353993
354500
354601
3550532
3555226
3558691
355989
3560369
357253
357284
357319
357324
362930
363488
3648824
366024
366752
368760
368780
3716423
374605
375168
375184
375766
381858
381920
3852042
386040
386829
386835
386837
386927
387592
387717
387948
390345
390558
392907
3932668
394653
394721
3947467
3949384
394987
3951385
3985382
3986376
4073990
4085555
4102682
4108623
4108741
4109274
4138062
4164317
4164331
4193079
4208530
4209157
4267585
4271482
4330176
4331105
433307
4340758
4380582
4388051
439034
442567
460528
480680
482172
486806
4872540
4872846
4873075
4873339
4873341
4873540
4875074
4875079
4875911
4875987
4877753
4878133
4924025
4936483
4936678
4956877
4981364
4989687
5039981
5043107
5053289
5067882
5093684
5100462
5101915
5103212
5103312
5113327
5134005
5141647
5145730
5145734
5150312
5150332
5159464
5179544
5232465
5232855
5233049
523560
523567
5239544
5242760
5242767
5243349
5244822
5245483
5249197
5254474
5255635
5255650
5256469
5257154
5264842
526656
5267256
5279695
5279696
5280097
528047
528083
5282665
5307435
5324012
5356944
549781
559047
560079
560139
560144
580580
584155
592046
593007
593814
600192
60102
60238
608667
610830
624670
628591
632681
63518
63538
63787
63892
640295
640545
640866
64126
643034
64317
643308
64625
64634
64706
64909
65312
65642
65681
65763
657666
65769
66282
66532
666443
668248
668479
67002
672188
676568
687292
69827
700032
700091
70100
701026
70447
705331
707720
718551
719102
721137
722928
724495
725619
740508
740530
740611
740649
740765
75372
756701
766287
77099
776923
794080
794098
805197
80753
809268
820340
825343
854041
85491
85587
857619
86367
86477
86784
87166
88926
89770
92255
92305
92309
92311
92428
92791
93213
93666
94284
94365
9442015
94576
94689
94714
94841
95843