101085
108108
108194
108251
108263
108281
108393
108406
108463
108493
108511
108539
108886
109729
109734
109998
110076
110452
114369
114636
118976
120229
1217823
1293953847
1294110653
1294467974
1294899029
1294924388
1294924781
1295824647
1296410418
1296558060
1296558091
1296706520
1296833312
1297498908
1297742298
1297750769
1297802566
1299550532
1299563516
1299563528
1299571000
1300423173
1300594527
1300885683
1301212183
1301575218
1301732522
1301884692
1303019276
1303019637
1303027499
1303079913
1303289043
1303551813
1306400549
1306431916
1306497931
1306498832
1306507727
1306780562
1306853204
1307463441
1308194194
1308818970
1309391400
1309394162
1309903594
1310690677
1311319037
1311319058
1311345316
1311346560
1311347305
1311347412
1311347592
1311347661
1311535712
1313052971
1313107233
1313480376
1313558186
1313701868
1314438112
1314777725
1314780641
1315367060
1316562362
1317145419
1317420283
1317457541
1317729847
1318610333
1319655594
1320097223
1320100120
1320336229
1320336440
1320884184
1321382025
1321382596
1321385655
1321392574
1321392748
1321424571
1321518222
1322041120
1323106961
1323304621
1323832567
1325042822
1325484613
1325702742
1325711347
1325711421
1325897389
1325897605
1325897785
1325905146
1326987219
1327298706
1327456179
1327936784
1328021954
1328944284
1329358995
1330346904
1330858912
1331322046
1331535573
1331592937
1331711880
1331841488
1332041346
1332153723
1332490992
1332662900
1333192765
1333199831
1333335582
1333335583
1333509666
1334270729
1334296172
1334327077
1334405955
1334659052
1334820713
1335580481
1335942780
1336077464
1336153991
1336259464
1336789644
1336855544
1336856449
1336856864
1336866698
1336869389
1336990251
1337205804
1337226295
1337478018
1338214034
1338810486
1339216146
1339648907
1339725674
1340200924
1340699001
1341188256
1341323866
1341722986
1341937632
1342022280
1342633205
1342707618
1342950406
1343610114
1343756008
1344340338
1345872140
1347181386
1347300594
1347445635
1348548292
1348568908
1348892301
1350051594
135026
135028
1350658411
1350852745
1351219081
1351277052
1351343058
1351520305
1352002513
1352199795
1352541009
1352544631
1352818863
1352968308
1353014128
1353034144
1353194608
1353428173
1353428242
1353444558
1354477202
1354504985
1355079681
1355292203
1356795124
135728
1357399415
1357825630
1357831544
1357848241
1357963386
1357999894
1358035181
1358213922
1358276770
1358554236
1358848433
1358881544
1358943452
1359113596
1359205811
1359346700
1359568677
1359719546
1359995960
1361239052
139357
139377
139385
139392
139558
139854
141664
144083
146664
1477670
150520
150563
1518938
151985
152392
154480
156193
157288
157808
158924
16232697
16345143
16345145
16431842
16432052
16434100
16435049
165237
165339
165340
165347
165361
165364
165370
16714264
167655
167691
167712
167727
167732
167744
167799
167804
167827
167841
167844
167850
167873
167888
167894
167916
167937
167942
167959
168039
168087
168153
169137
169144
169188
16959121
1697590
1697653
1698391
1698432
170749
17177324
17227545
174944
174956
174963
17572536
176093
176403
17645929
17852504
17939827
18127334
18248324
185726
186315
186331
18638057
186421
186436
186453
186459
186490
186696
186707
186760
186820
186843
1868480
186852
1868553
1869271
187341
187374
187402
187408
1874322
187564
187600
187672
187786
18794244
188175
188204
18828737
188459
188550
188575
188591
189243
18969210
190072
190270
190449
190499
19107212
191232
191528
191722
191819
192384
19292984
19292987
1934649
19572270
19572271
19674656
19694666
19945726
19945735
201485
202360
202369
202377
205395
2059743
2080326
2081057
208958
209121
209155
209326
20953761
209633
209643
209718
209758
210042
210062
210281
21038694
21038748
210674
21157332
21162695
21233912
212430
21252561
212964
21301195
21303927
214626
21803760
22088971
223339
223773
224086
22509038
225636
22677433
22737627
22754969
22813728
22845457
22846518
22852057
22854159
229010
2308499
231412
233931
233974
234064
238644
238659
239188
239198
239682
240125
242603
24269596
247169
247579
247864
249332
254191
254285
254309
254316
254359
254424
254485
255526
255858
255973
25638273
25638401
25639007
25640397
25640406
25640549
25650033
25657282
25657348
25698049
25706279
25706285
25707139
25713022
25713024
25714352
257202
25730757
25794008
25794009
258235
26075355
26075548
26075553
26090093
26090155
26128872
26145725
26159506
26165023
26201885
26217171
26217406
26289183
26305543
2639477
26427666
26430728
26494698
26562739
26619367
26620787
26830570
27062529
27403811
274696
27483167
27533153
27571867
27612225
276294
27646405
27646409
27646687
27646786
27646979
276734
276904
27713920
27713921
27731176
27731425
277367
27747329
27747330
27789126
27804029
27808044
27867410
2788529
27902876
27927338
27937429
27955652
27955656
27955658
27955777
28017488
28031119
28059417
28068286
28068737
281072
28111646
28188382
28188426
28190492
28196001
28219175
28219176
28240533
28248872
28256115
28283346
28285912
28302912
28306668
28310921
28310930
28310935
28315174
28378115
28403111
28464997
28481103
28481105
28481818
28496172
28561288
28563317
28577557
28639182
28643169
28661853
28692519
28694864
287021
28718313
28723886
287611
28768671
287719
28784280
28793140
28798772
28830165
28850212
28850411
28854182
28864241
28870324
28875058
28875230
28892231
28937926
28949739
28952258
28953350
28959192
28968068
28971281
28977772
28978321
28987167
29019227
2918954
29343372
29343374
29343991
29357087
293948
29401226
29414460
29418037
29418041
29418042
29460357
29567191
29567192
29572738
29593497
296837
296841
296885
29713754
29732695
29732992
29753938
297587
29764237
29764562
29764634
29771146
29771185
29771231
297788
29797698
29803675
29806043
29816860
29819906
298213
29897527
29897546
29922372
29932433
29950496
299510
299650
299714
299757
300062
300129
30039636
30070188
30089063
30212890
3026472
3027393
30284543
30284674
30431364
30431366
30431367
30431377
30431408
30496836
30500470
30590559
30621618
306626
306643
306662
306664
306894
307030
307081
307201
307472
307525
307679
307780
308372
30841077
30854130
30903117
31010566
31010790
31134451
31140522
31152277
31168303
31168464
31256315
31260611
31273503
31426608
31460434
31473269
31517702
31546893
316100
316152
31654492
318317
31877077
31877127
31877416
32019002
32166485
32196550
32341324
32408263
32431822
32507039
32594183
32619064
32619105
32628933
326547
326705
326719
326738
326784
326887
326904
327096
327136
32737581
327690
328076
32835566
32922246
32924132
329336
32957012
32957955
329925
33111884
33190445
33206214
33255655
33255931
33337002
33337113
33337258
33419836
33510761
33522511
33756016
33887645
33891487
33937216
34003500
340383
34057469
34057518
34144942
343065
344418
344442
34497630
34516734
345741
346069
346075
346576
347230
347355
34749846
347597
34834682
34852810
34964198
349892
34999658
35040360
35040927
350651
350760
350838
351116
35270706
35403523
354352
35440198
354455
354476
35447760
354593
354620
35476048
35528482
35528486
35625825
3570196
357268
357384
357424
35847388
36024706
360908
36095115
36199725
36229051
36229053
36270426
362884
362937
36392029
36471573
364899
36492681
36496695
36496726
366156
366577
36668004
36668711
36668810
368764
368907
368913
36895537
368962
37095476
37239018
37240486
37240487
374597
374608
374621
374910
375006
375328
375394
375774
37857000
37955044
379785
381821
381825
381849
385965
386175
386469
386538
386542
38679524
387635
3879945
3880720
390964
391566
39224884
393688
39443692
39449871
394575
394670
394748
399341255
399353833
399354289
399552071
400075212
400162138
400291041
400876320
40157267
40188526
402070513
402073804
402073807
402431562
403710388
403710393
403711269
404182479
404465600
404543571
404628530
404783187
405089420
405485737
405599119
405599470
407002483
407435011
407450223
407677607
407679465
408212737
408280671
408307995
409031247
409649814
409649830
409654891
409872504
409931224
410801653
411314681
411314824
411315706
411315797
411315800
411988534
412175360
412785957
412911039
412911436
412911648
413074253
4132379
413829329
413961906
414706021
414979307
4153632
415792222
415792563
415793652
415793869
416388799
41651193
416552313
41663362
417250911
4172882
4175444
417596830
417833029
417833854
417911175
417953669
418550668
418603177
418603441
419250437
419594010
419594258
419596795
420125810
420401511
420513275
420922950
421091989
421148669
421148673
421148956
421160957
421203098
421563082
422429521
423227295
424262521
424474214
425053743
425100599
425298905
425684758
425828602
426026161
426291338
426291544
426502173
426850398
426881487
426881506
427016671
427142481
427542010
428095913
428375722
429450174
430026599
430793721
431080419
431610015
431811484
431853645
431855270
432698831
432780721
4330114
433223079
433681259
434070628
434550484
434550489
434550872
434659336
434981391
434981393
436016654
436016777
436346329
436668107
437290277
437605840
438431191
439076801
439111045
439121048
439121233
439121995
439139384
439139817
439625244
440208470
440208643
440239045
440241201
441116287
441120471
441459
441491080
442605112
442867218
442869203
4433364
443860
444058254
444267215
444269135
444356622
445063
445666806
445702397
446512502
446512853
446935665
447925059
447925342
447926063
447926071
448144319
448144321
448184048
448722019
448749148
448977202
449235912
449239631
449824228
450048216
451126768
451981574
452601948
453176145
453268744
453413861
454069168
454125899
454129387
454711150
454711161
454966913
456063
456185374
458348749
458725081
459004290
459139374
459827116
459872690
460043703
460043704
460043710
460043746
460043748
460112012
460476149
460542191
461080452
461518855
461519272
461544126
461899833
462391069
462565213
462686464
462686590
462769331
463159103
463425497
463895473
464373539
464976941
466122659
467595214
467595237
468007598
469104847
469515658
469699266
469998923
470547658
472117541
472137696
472137749
472203393
472385776
473470191
473571305
473602861
473692361
473740555
473805760
473873431
474739467
475277345
476598254
476659144
476987525
477250363
477933312
478854449
479219330
479422828
479422898
479979440
480097178
480131102
480409513
480769653
480769654
481535277
481535566
481535597
481859794
482056804
482988471
482999696
483024873
484732237
485355004
485612576
485859298
485992506
486111543
486188245
486999661
486999662
4872531
4872532
4872533
4872537
4873340
487379429
4873813
4874159
4875075
4875084
4875306
4875307
4877892
4877894
4878132
4878331
4878608
4878612
4878613
487885426
4879357
488532353
488876810
489302317
489768079
489998494
490182455
490381113
490595154
490595358
490602750
491065931
491943068
492103545
492151019
492192132
493042772
493316158
493784861
494064179
494642794
494858477
494865824
496107851
496869519
496869520
496869522
496869523
496869524
496902058
497034035
498040739
498577599
499299379
500410102
501214189
501220106
501220618
501220770
501467216
501551714
502025938
502242110
503207186
503656412
503853605
5041603
5041604
5041667
5041908
504624714
504646547
504652401
504685616
504826080
5052317
505446392
505474379
5057950
505820138
506092035
506092654
506092944
506094567
506224180
506360364
507502138
507795470
507815173
509512457
509518010
509612538
5097737
509781260
511391907
511920347
512099305
512359195
512359558
512376195
512377374
512499330
514053886
514761125
514765154
514765420
514765774
515143305
515269424
515540639
515816220
515816380
5162502
516321290
516358164
517411583
517446139
517567264
517571371
518088613
518096340
518451047
518863348
518894283
519820694
520143633
520274085
520277152
520458166
520458306
520458481
520588146
521416228
521418812
521749251
522351083
523041179
5231283
523251474
5235731
5243023
5245488
5247677
5247685
5250048
525086802
5251096
5252346
525238797
525443824
5255637
5255798
5255987
525721542
526099041
526161446
526307800
5263407
526470685
5264843
5265523
5266159
526929981
5270974
5272940
527601001
527824482
528272229
528272281
529319768
529747142
529834699
530007791
5301152
531040898
531051597
531777461
532601703
532853069
533259686
534064010
534064533
534540498
534541484
534541485
534542406
534542490
5346651
534952158
535793433
536096151
536099163
536483221
536622264
536954473
537012213
5378548
537854958
538920912
539941039
540329487
540968
542667209
542690024
543607345
543798652
543987399
543987451
543987787
543988388
544000206
544247584
544553108
544713530
545350938
545413103
545507885
545589369
545590290
545590356
545590357
545592271
546715971
546722350
546723152
546818311
547059088
547533709
548648087
548650088
548705692
548808659
548890933
549309101
549664204
550068550
550136151
550136152
550138132
550138197
550520580
550616628
551339740
551340825
551947877
551970086
553061015
553258598
553310138
553479159
553546087
553753244
554118097
554191055
554191156
554191378
554200219
554241255
554242155
554242865
554244157
554245163
554405218
554939250
555142
555894912
555959
555974038
556203085
557704117
558071673
558097640
558143501
561307164
561493928
562118482
562594322
562598081
562598085
564247897
565794655
566436427
566521546
566977275
567469341
568434921
569200210
569212210
569212211
569214249
571068108
571339838
571340214
571340268
571534645
571545156
571545218
571545493
571566108
571599964
572042895
572819430
573168813
573384240
573583329
573843002
574921549
574926602
574935156
574945270
63612
64093
64293
65198
65528
65533
65766
65795
65800
66285
66476
68099
68350
69611
725692
72612
740558
760533
817491
820665
82190
82932
84306
85497
85621
862098795
862099032
862099084
862099159
862101001
862130427
863359163
863481092
863481124
863492743
86357
86360
86363
86365
864100958
864107063
864489622
864490003
864647456
865021614
92778
92939
96888